frame 30. 21.

# голова
color 255 127 80
thickness 2   
path 34      
17. 11. 
22. 6. 
24. 6.
26. 8. 
24. 9. 
23. 8. 
24. 6. 
23. 8. 
22. 8. 
22. 6. 
22. 8. 
21. 9. 
20. 8. 
21. 9. 
20. 11. 
19. 10. 
20. 11. 
20. 13. 
19. 14. 
18. 14. 
16. 12. 
18. 14.
19. 14. 
20. 13. 
21. 14. 
21. 15. 
20. 16. 
20. 17. 
19. 18. 
15. 18. 
14. 17. 
13. 15. 
14. 13. 
15. 12. 

# задняя ближняя нога
color 100 100 100
thickness 2
path 15    
6. 12. 
5. 11. 
4. 9. 
4. 8. 
1. 7. 
4. 7. 
4. 8. 
4. 7. 
5. 4. 
4. 2. 
5. 1. 
7. 1. 
8. 2. 
7. 4. 
8. 6. 

color 100 100 100 
thickness 2
path 17
8. 2.
9. 2.
10. 3.
9. 4.
7. 4.
9. 4.
12. 5.
13. 6.
14. 4.
13. 3.
14. 2.
16. 2.
17. 3.
16. 4.
17. 8.5.
16. 7.
18. 10.

#передняя ближняя нога
path 9
11. 7.
13.5 8.4
13. 8.
13. 6.
14. 5.
16. 6.
16. 7.
15. 9.
12. 10.

# левое ухо
color 0 191 255
thickness 2
path 11
14. 13.
10. 12.
6. 12.
2. 13.
2. 16.
3. 18.
5. 20.
6. 20.
15. 18.
6. 20.
14. 17.
path 4 # палка в левом ухе
11. 15. 
11. 16.
12. 17.
14. 17.

# правое ухо
path 10
20. 12.
21. 11.
25. 13.
29. 16.
29. 19.
28. 20.
27. 20.
19. 18.
27. 20.
20. 17.

# левый глаз
color 66 170 255
thickness 2        
path 7
16. 15.                             
17. 16.               
18. 15.        
16. 14.              
16. 15.
17. 15.
17. 14.5

# правый глаз
color 66 170 255
thickness 2        
path 7
20. 14.                   
20. 15.                   
19. 15.                    
20. 16.                    
21. 15.
20. 14.
19. 15.  

# правая бровь
color 128 64 48
thickness 2                     
path 5
19. 17.
20. 17.
21. 17. 
22. 16.
22. 15.

# левая бровь 
path 4
15. 15.            
15. 16.            
16. 17.            
17. 17.

# брызги
color 14 50 167
thickness 2 
path 4
24. 9.
24. 12.
25. 11.
24. 9.

path 4
25. 12.
26. 12.
25. 10.
25. 12.

path 5
26. 11.
27. 13.
28. 13.
28. 12.
26. 11.

path 4
26. 9.
28. 11.
28. 10.
26. 9.